  104   96   84
    0    0    0   60   20   10
   60    0    0   20   20   20
   80    0    0   20   20   20
    0    0   10   60   20   10
    0    0   20   60   20   10
   60    0   20   20   20   20
   80    0   20   20   20   20
    0    0   30   60   20   10
    0    0   40   60   20   10
   60    0   40   20   20   20
   80    0   40   20   20   20
   40    0   50   20   20   20
   20    0   50   20   20   20
    0    0   50   20   20   20
   60    0   60   20   20   20
   80    0   60   20   20   20
    0   20    0   20   20   20
   20   20    0   20   20   20
   40   20    0   20   20   20
   60   20    0   20   20   20
   80   20    0   20   20   20
    0   20   20   20   20   20
   20   20   20   20   20   20
   40   20   20   20   20   20
   60   20   20   20   20   20
   80   20   20   20   20   20
    0   20   40   20   20   20
    0   20   60  104   40   24
